70
70
70
70
70
70
70
70
70
70
70
69
60
68
60
67
60
66
65
60
60
64
63
62
60
61
60
60
60
60
60
59
60
58
50
59
57
50
58
56
50
57
55
50
56
54
53
52
51
50
55
50
50
54
49
50
53
48
47
50
52
46
50
51
45
50
50
44
50
49
40
43
49
48
40
42
48
47
40
41
47
46
40
40
46
45
40
39
44
45
43
38
42
40
44
41
37
40
40
43
39
36
38
40
42
37
35
36
40
41
35
34
40
34
40
33
39
40
38
33
32
37
36
35
34
33
39
31
30
32
31
30
29
38
29
28
32
28
27
37
27
26
31
26
25
36
25
24
30
24
23
35
23
22
29
22
21
34
21
20
19
28
18
17
16
20
33
19
32
15
27
14
13
12
31
18
11
30
26
29
10
17
9
28
25
24
27
8
7
16
6
5
4
3
2
1
26
25
24
23
15
22
23
22
14
21
13
21
20
12
20
19
11
19
10
9
8
7
6
5
4
3
2
1
18
17
18
16
17
15
16
14
15
13
12
11
14
10
13
9
12
8
11
7
10
6
9
5
8
4
7
3
6
2
5
1
4
3
2
1